# Created by Octave 8.4.0, Sun Mar 30 23:03:48 2025 KST <seaeast2@seaeast2-Ubuntu>
# name: X1
# type: matrix
# rows: 100
# columns: 2
 -7.5017584798370862 -0.82585236797870243
 1.141031826098436 -0.37710131586925083
 -0.65125418787787936 0.12120153463208734
 0.59164583621858247 0.54709579339827319
 8.080337547708055 -0.31069180650651257
 3.1808723211470498 0.54901785827265615
 3.1342421420855926 1.9568974742624146
 3.9668794576073436 0.37525718012268783
 0.12807571723153477 -1.7010479631259259
 -4.3100742102069098 -1.412218017500144
 -3.7287120050294909 -0.63052743927497712
 -0.46504470367472356 1.6397258234944698
 -5.3148705454216181 0.53999920533930801
 1.9538694857532204 1.5011213985549885
 4.7034628597425403 0.76808332829156012
 0.61514100085777024 1.2176796447735034
 0.13814453556984635 0.54292220663637691
 1.6430553347042367 -0.69487001256741721
 6.4947295324820367 -0.57853349928131148
 -0.91992906487364623 0.14914407002508348
 1.1679426463205733 -0.96765986383923219
 -4.3959933004588052 0.46723624092315907
 -6.31793456273875 1.327757493017871
 1.419782215552857 -0.48713955801952663
 2.2166584859721739 2.5413573832093688
 1.1225077738877729 -0.85591594412359018
 3.7800455527902739 0.028891100254504337
 10.724770729957871 -0.39385220849988195
 -2.5648853529093025 1.4494190258423243
 -1.4487494314610407 1.1856750983819662
 -0.78778222730784553 -0.29803897308254812
 -0.083680733027016979 1.5597477794170034
 4.4634889946384586 -0.20336536342020239
 -0.91914637126094068 1.1162266363458986
 -0.34048239640249334 -1.243156066874979
 -0.92689827008449299 0.58356627592241761
 2.5106104953497397 0.79417776568717924
 -0.47294618961624224 -0.82561937538605634
 5.5576337961108697 0.73875015304063651
 0.79709958440185402 -2.2274443404111257
 -5.7601346910170843 -0.40957099329982216
 -1.4240722379434789 -0.36766592821335559
 -1.8990425284126133 -0.32629566947952471
 -1.2394497933191944 0.79299009522212771
 0.66244929117976048 0.75543682182085303
 -1.7771318446080839 -0.14107291516224532
 -2.7936465006159761 -0.37094114817787988
 -2.7474494755993799 -0.097319770710989406
 0.83131929937006543 -0.9340231077823149
 0.32487789687159885 -0.60579005634152794
 -0.73574089580145363 -0.68431382499402982
 0.98049780604494863 -1.3465834673586887
 2.8533706142760145 -1.3472626556555907
 3.361877046437729 -1.0740644227745575
 -4.8997068761386471 0.68643601192549231
 2.6292250951324538 -0.38058559383653767
 0.72251623864312808 1.3113315256167994
 5.4200015095270873 -1.1483889153578095
 4.0746503279964585 -2.1926092360470193
 1.5152357328902997 0.18859750758601598
 0.39679771598487174 0.39445450712500701
 -3.9315143925729101 -1.9550297249762731
 5.4722237750274676 -0.34761560966545579
 2.49332005592793 1.3322473426279797
 0.77510179846642213 1.331043491372196
 3.2975506771937448 -2.4748256213525637
 0.65914470017832127 -0.39993395979891727
 -3.3503586942585222 1.0478344813566329
 3.0671936115035408 0.34948465132371126
 1.9047104147085709 -1.5425379792621712
 2.6097645083693957 -1.4698501028658195
 1.0428598512673963 -0.28177887269454521
 -1.1636614862471295 0.067358364311600555
 -0.028672125239173528 0.90829741663687236
 -1.254153420449025 -2.0439967009402862
 -3.7788042897795724 -0.036898951089189509
 2.0409729575242572 0.34256987688807461
 2.7209029019068414 -0.37907008829126909
 -3.5332385925414784 0.13326308436045886
 0.28189962661842816 -0.7683791434442464
 0.27462280245274251 -2.0330331707568003
 -1.9975422645522845 0.6101879093703656
 1.8817353958837764 -0.16246239227006187
 -2.2357873946892637 0.52830843142216632
 -2.8921830996949103 -0.1935522346650155
 0.74403970663448527 -0.18688502038317475
 2.057063557601313 -1.3175161951164032
 3.0856974082542825 -0.86428843071929906
 4.2378650136314189 -0.28859035038245412
 0.56354372836624755 2.4957017964050419
 3.4561095761536933 0.67639971709265567
 0.37987396976634774 -1.988721944846696
 -2.6576374250396904 0.17329757926980804
 -1.9328138730278068 0.57183870457401742
 2.1903018865308881 -0.522872032567826
 -2.5821423111888646 0.64224875387478786
 4.0044971254299604 -0.865409681890979
 -0.063470537142289271 0.41017916443930236
 2.6272393317172784 -1.4623360625601287
 3.7159307014627228 -0.96733408924223152


