
R_200.txt (m=1009, n=200)
삽입 키 및 성공 탐색 순서:
1998500 5360060 8430815 8586960 1721960 3746093 9337510 7056747 9606110 9190751 8236009 9840186 7400346 4025425 42527 1354318 1857850 4819091 1645033 7543956 192750 8225646 5271957 3526984 6664202 4219689 5832730 5983360 6314012 8616569 1280435 5710873 1504328 9352468 9027228 4900991 4825159 7674700 2363714 9687556 5184138 415056 6188185 6099226 7735513 7083634 1521428 6690306 9826714 9302111 8362688 1953672 7137754 8495290 8238128 6679821 8802211 4339316 7045862 9462351 8039473 8605863 8690383 425740 9655560 3766902 2164241 820199 8778116 1720946 7204296 7885968 2389286 8088515 3840762 2047042 7663770 7875326 9154190 4211189 9391819 6745788 5161129 9196406 8420478 8034489 6743569 7265655 3397912 4938778 4513674 155640 555481 2513960 7687780 8772618 8212741 6038721 3352718 4363930 8146498 7829190 8577633 8340912 7285161 9358968 564049 4866552 5312624 7678186 1650441 7355987 8643174 4342466 7598748 3071049 7143344 8038740 1078693 4470559 8362112 6209730 1621728 3264621 6900650 2455491 7539593 235427 1546333 3589 7570388 9741522 9170267 1393608 3335171 4158025 2027004 749254 9167886 4505293 5993671 2596457 86085 5258696 9782214 9634879 8254204 2262652 9157065 3740105 7935346 9863904 2201443 8467819 4876803 1416554 7009167 2686393 2270731 9831938 5133900 8517824 6912869 6549947 2492025 8724671 3300029 6308337 237093 1780632 6532175 1232006 861935 5821993 5929115 432688 429199 8562887 7986364 5498901 5094766 7552102 5470089 2036298 8347833 7827960 9590162 2864434 2581855 9919727 8717671 3472642 7274727 5644171 7697676 3914569 1166158 9183075 6696744 572987
실패 탐색 질의 순서:
3279843 2908563 758944 9139664 808451 7580296 3162996 8117501 343426 2166605 8890860 3669571 8671348 2310587 2690909 3120649 6542635 4576940 7136260 8942439 6947223 1319675 6428783 5115528 3140674 5772469 2930894 4419851 7783206 8348383 6974916 4826306 7846710 2968934 5465836 8712997 8087503 7458863 2015037 8845818 8802987 4594149 1586554 3595877 3881154 82306 1562287 7618762 5543899 6845145 9144591 3061027 456084 5904743 2629981 5900575 9428838 9602141 9032496 3632979 1840351 4705543 9324772 9530155 3597623 9560245 4944247 9442743 4497983 9323672 2224963 1702144 4424365 1617839 7315753 2873519 1778984 1013781 5976939 3112092 1783754 8499785 5260511 4643699 9866824 1072316 4882776 5278142 2707689 4376476 4297049 1054935 232708 6906212 4312449 6954630 258872 961529 1618161 3946427 385501 5199572 2063938 1574879 9415008 9671747 5877173 5284394 7651160 637716 6781192 5302669 3617775 9966630 7762311 7149173 2003874 6277142 8409777 4220771 6527130 4896957 5978022 966882 7327304 397004 4721627 5545676 4857938 2052109 4981860 6990000 5349960 9824839 340075 9095882 5745925 3312632 9409717 941959 1889074 2719991 2058316 1984458 626104 2108593 8767502 5939816 5070765 483086 7126459 9699364 2118925 5972209 6967545 6444227 6328066 4014888 7062963 3683694 2100642 3078067 9108804 476760 9082022 9309646 6658179 4277759 2477715 3829496 391949 278431 4644462 9078990 8033657 7010859 4426099 5280539 2326285 9959802 1500668 3008192 9277500 637682 8624272 4449700 5716215 8731684 5326731 943814 191416 4073617 7894436 978059 3721835 8533231 2530789 6695356 6038642 3900916
방식 | 삽입 평균 | 성공 탐색 평균 | 실패 탐색 평균 | 실패 탐색 최대
선형 탐사 | 1.09000 | 1.09000 | 1.22000 | 4
이중 해싱 | 1.11500 | 1.11500 | 1.18000 | 3

R_800.txt (m=1009, n=800)
삽입 키 및 성공 탐색 순서:
1998500 5360060 8430815 8586960 1721960 3746093 9337510 7056747 9606110 9190751 8236009 9840186 7400346 4025425 42527 1354318 1857850 4819091 1645033 7543956 192750 8225646 5271957 3526984 6664202 4219689 5832730 5983360 6314012 8616569 1280435 5710873 1504328 9352468 9027228 4900991 4825159 7674700 2363714 9687556 5184138 415056 6188185 6099226 7735513 7083634 1521428 6690306 9826714 9302111 8362688 1953672 7137754 8495290 8238128 6679821 8802211 4339316 7045862 9462351 8039473 8605863 8690383 425740 9655560 3766902 2164241 820199 8778116 1720946 7204296 7885968 2389286 8088515 3840762 2047042 7663770 7875326 9154190 4211189 9391819 6745788 5161129 9196406 8420478 8034489 6743569 7265655 3397912 4938778 4513674 155640 555481 2513960 7687780 8772618 8212741 6038721 3352718 4363930 8146498 7829190 8577633 8340912 7285161 9358968 564049 4866552 5312624 7678186 1650441 7355987 8643174 4342466 7598748 3071049 7143344 8038740 1078693 4470559 8362112 6209730 1621728 3264621 6900650 2455491 7539593 235427 1546333 3589 7570388 9741522 9170267 1393608 3335171 4158025 2027004 749254 9167886 4505293 5993671 2596457 86085 5258696 9782214 9634879 8254204 2262652 9157065 3740105 7935346 9863904 2201443 8467819 4876803 1416554 7009167 2686393 2270731 9831938 5133900 8517824 6912869 6549947 2492025 8724671 3300029 6308337 237093 1780632 6532175 1232006 861935 5821993 5929115 432688 429199 8562887 7986364 5498901 5094766 7552102 5470089 2036298 8347833 7827960 9590162 2864434 2581855 9919727 8717671 3472642 7274727 5644171 7697676 3914569 1166158 9183075 6696744 572987 3279843 2908563 758944 9139664 808451 7580296 3162996 8117501 343426 2166605 8890860 3669571 8671348 2310587 2690909 3120649 6542635 4576940 7136260 8942439 6947223 1319675 6428783 5115528 3140674 5772469 2930894 4419851 7783206 8348383 6974916 4826306 7846710 2968934 5465836 8712997 8087503 7458863 2015037 8845818 8802987 4594149 1586554 3595877 3881154 82306 1562287 7618762 5543899 6845145 9144591 3061027 456084 5904743 2629981 5900575 9428838 9602141 9032496 3632979 1840351 4705543 9324772 9530155 3597623 9560245 4944247 9442743 4497983 9323672 2224963 1702144 4424365 1617839 7315753 2873519 1778984 1013781 5976939 3112092 1783754 8499785 5260511 4643699 9866824 1072316 4882776 5278142 2707689 4376476 4297049 1054935 232708 6906212 4312449 6954630 258872 961529 1618161 3946427 385501 5199572 2063938 1574879 9415008 9671747 5877173 5284394 7651160 637716 6781192 5302669 3617775 9966630 7762311 7149173 2003874 6277142 8409777 4220771 6527130 4896957 5978022 966882 7327304 397004 4721627 5545676 4857938 2052109 4981860 6990000 5349960 9824839 340075 9095882 5745925 3312632 9409717 941959 1889074 2719991 2058316 1984458 626104 2108593 8767502 5939816 5070765 483086 7126459 9699364 2118925 5972209 6967545 6444227 6328066 4014888 7062963 3683694 2100642 3078067 9108804 476760 9082022 9309646 6658179 4277759 2477715 3829496 391949 278431 4644462 9078990 8033657 7010859 4426099 5280539 2326285 9959802 1500668 3008192 9277500 637682 8624272 4449700 5716215 8731684 5326731 943814 191416 4073617 7894436 978059 3721835 8533231 2530789 6695356 6038642 3900916 9421920 4626517 5766126 3371874 6286867 6024847 7705233 7676586 9207260 7953451 9740511 5237740 3152477 2655736 6887688 2579994 8134545 89117 5946386 8778303 6850588 629251 2895290 1412764 5016995 6254443 9172515 4446211 2314594 1690330 307902 8949227 3642712 9770853 5145748 9607126 748986 6598076 6385104 9042599 8667041 2651537 8535601 1760290 1435068 2380558 6529890 5597046 9185364 4386303 5207979 697740 9944223 3183925 2721443 4914265 4954175 9079247 4791217 5993212 2248226 6519825 3165812 158525 8053266 7090939 5966953 9015623 2866978 8660237 495142 3013575 5279323 9044537 2428428 2750423 476776 1957858 8640135 33431 6284030 1067037 6173957 5077604 3627088 8927694 2587483 4163351 2122728 1782899 5474258 8129648 1801764 1226936 6395450 4405213 5058251 1972144 5835100 7958792 8367626 2029013 9321303 8706475 4144422 6017607 7649300 9819959 5790134 1384950 1158212 1474161 8301581 5234931 4451062 3792454 2824302 5452629 7257766 8493836 9421682 5565214 5413900 8274426 6762381 5262717 2965259 3296482 7767968 3693852 5847641 5873777 6873623 9896263 6402649 3571458 2590042 7410022 9505464 2140504 7235939 4490069 5519259 1977129 5369288 4470387 7456619 4422858 2438774 9145544 4499261 3930782 5566204 2406940 9417050 2067560 4494784 4923599 9636638 7685037 6731771 6701664 364414 9223008 5522554 6872957 5651188 1593937 8299427 9167258 8668625 3521759 7120860 5908271 5543955 1007159 6706918 2901946 176419 4480437 9377145 4230777 2191090 5603819 9713192 6956210 7984994 8102014 5683223 197199 629071 3688825 2027361 4507101 5479668 298434 3510199 7669479 8639285 4645769 6198079 1325198 9324190 3148288 9042268 191145 1603776 2614343 5536203 3680993 7775634 3462329 2865173 5191677 1414020 9523176 6996754 8754364 9882799 9381105 2235607 1812877 474868 4544522 7038640 746235 3108116 9231366 8613863 3881475 7898206 5725494 5763948 5828616 5332106 8047903 4284055 8192584 5486709 4196018 615983 8220915 2235300 365309 8064455 6143605 4258943 7820145 3334204 6166326 4590830 8594862 6709644 5101407 3662369 9760031 909118 6893064 1083041 8538950 8930040 5009775 8096637 1522000 8550241 8765137 9996378 5454230 8207994 5334072 5697697 6041128 3039374 1309762 9429514 2925067 4319967 8858251 8733249 6422797 1784495 3604478 484455 7781431 4041552 3517681 7197225 8523401 8834490 2122075 8618145 3544661 4541304 8197072 2293628 9376574 5465355 6102640 6576703 8937271 9044492 3171791 2550015 9249426 2568720 2415550 2202121 9612378 1024716 579214 4703780 5022133 3002892 2335198 4488887 9065051 5983608 2147305 7672123 2823508 3130159 899976 3114424 2581987 6944378 8216512 9161541 486701 5044039 3706700 8633177 6109537 9105765 1543320 7812140 6824903 2600769 5444262 2443532 8526818 675668 7899339 126914 975917 1588064 5922794 9831615 4315564 5515873 471235 2748282 8443358 3209933 1510852 7094080 7266749 3345975 2863352 4045335 3769051 8297302 3568743 6246991 2659408 8990266 7079532 7099740 7707230 6093336 3509476 5179249 7389971 9378746 8083375 1539537 3540890 3279047 1943688 1322359 5938050 2651916 1931846 2887725 3415301 7274380 3175914 7178919 511735 9175517 2430713 4508565 4817017 6127492 6682395 159745 7995592 8741223 7720943 4581623 5942204
실패 탐색 질의 순서:
8190157 2314374 1802926 2415788 9389314 3734464 6022931 7650692 6331759 9949525 809251 9398492 5473593 4275784 1322511 7734098 7861121 5803945 9161994 8814702 8897146 1649391 4632460 4978773 624620 1351279 9902055 702516 1178604 8852288 7590653 9468690 1825314 6479933 9646505 7666583 8030089 9072829 368534 2568646 5342084 2253525 445994 1764176 6573946 1541133 2821510 8971906 4277321 305940 774931 1193284 8737793 2007808 5618915 2570821 5151153 7898392 4060217 5406523 7862948 4068994 6711533 4000219 8624957 5244852 7027424 692636 8203288 4181240 9993995 3091809 7357193 3164236 1907857 9871266 7991168 9907818 6402502 8100660 8890482 274296 8371075 3666923 6454546 571127 8884161 7808472 2353643 4943781 4043912 8746793 5265969 4484680 7242884 9736563 441202 5930238 8724276 2791061 8898227 2049618 9441362 6182184 3637333 9840903 1274746 9305658 2853179 7672003 6801489 1863262 1772651 6977919 6726268 96826 4098937 3299127 857531 4407009 2835302 8803364 4469268 6278681 1418549 4284062 2812378 609760 3666699 9434524 1940945 7506060 9222427 596825 5967134 7834573 8648467 581550 3187727 8077566 788770 4887453 1528230 2824306 1099053 4682900 3432612 122521 4813396 731566 7908490 4351032 1196405 9169225 2811798 9184749 8668672 9793026 9063328 3992785 8309195 892934 9087730 5905789 3830162 9005331 6593111 7785017 1467351 4064904 527537 253851 6937478 6473274 9326149 1499444 7400983 2994236 2878513 3974284 2761347 9381382 3344762 8469936 5655464 6708034 4679635 2833938 7853573 1550477 317794 5776906 1246804 2185926 9510859 8670768 4080355 7958451 2499541 5408870 2947862 8304350 9229421 1935590 2326783 25285 6367677 1503064 8355369 7023433 9508573 5680935 8595155 5972062 1396221 9919702 352534 4232716 3992870 1939135 6329042 4106367 5095902 9976747 9667896 9503159 3013854 5148543 8912910 175918 479024 5747049 2944749 7687042 9897014 1628825 4071051 7909835 2669893 8432430 8021476 1898077 1132762 2133628 66722 8849266 5219134 2476877 6840267 4228749 340403 7454285 4957493 2526059 6394445 84032 7450406 9852614 2038217 1614526 3815538 5448583 7446428 1145155 6462683 4592122 7361486 7449199 4989513 4209641 7481758 6886067 7876902 4973500 5253779 2821124 1705584 9192571 513978 3432234 3579018 4940327 6767442 3772335 5459827 2782960 1702999 3856195 6461948 2155017 5624369 9000954 6620395 3484049 9212008 5081476 9108834 9029900 6342400 4423411 5832336 7585879 4069568 2946536 8534076 5067132 628272 3278105 5038187 2849340 7222750 9738602 2097753 7462989 6294029 8336529 992778 5152744 606694 8620781 5661299 9424949 4998714 6946175 3788791 8973675 8571003 4791056 8489707 5874904 5884161 6535293 8820705 3700251 226486 7067880 8819478 7201829 6499671 6110364 4093701 9382046 9808010 6340297 5976514 488845 1795003 3961518 3612224 2933012 8229719 6603470 7933659 2638985 7305598 8607533 3179456 6274582 521336 9149416 1419005 1702863 1961657 3646483 6669685 2065678 7673305 5821856 8655829 1651968 6985423 3942749 5388773 5211097 57700 1622575 1112667 5733687 2528003 7733105 6943638 1670070 1769648 3199040 9302204 8148910 5719070 9973143 3038664 2090683 1452827 5812156 3971100 2506484 7438355 7822556 1670247 9240032 7106560 2196827 1529491 345487 7780785 7097493 1052163 7412047 8352929 1029147 7529953 7978813 5897984 1653277 789372 6839272 3043467 7183160 1152385 4290582 9144022 8790879 4161981 7123790 1828307 5873305 2833431 183992 2376415 5159528 4330650 7292267 1716886 3798871 6121919 1271869 6886903 1388707 9694998 4432742 5354643 7162598 9703745 5213942 3924803 8787096 3041389 8851143 7030667 4245619 571319 9320052 4223563 8847300 7719044 4867694 6935849 4372158 3488513 9908089 7411680 2734365 6003256 8677339 5183555 4453993 5222612 1850902 4140510 32476 3323364 9981430 5664582 5338932 2059953 5644520 6811637 7118664 7747179 6313879 1786848 6251674 7224017 7598233 9803783 5443169 9552924 6331877 6010635 242411 5976408 6481794 5884000 4212575 8049785 168113 6042627 6934954 7817799 738529 388221 4931851 9065992 9138433 917182 1948779 5550883 7243654 4389361 6441304 5033707 4317858 37429 3460128 3662184 967536 1307051 3839945 2961931 834280 6159258 9054714 7652631 1730184 9001969 8659825 912019 4850075 2129684 1813509 7019061 3848389 1955336 1120941 1759873 1205047 9886626 6512004 617294 2297261 7395536 9426283 402256 4816321 6861105 6224459 9340644 7401894 3190514 856707 6956728 5228298 2509341 4487628 8995595 2768058 6663849 819136 1149422 7606610 9632390 6922056 8019334 7400277 2465071 14039 4822268 1585916 2160568 7210038 3216077 4525479 7751012 8788970 2529070 3448666 5391711 2671411 4951063 520742 1728998 3243418 7823429 6478215 1292844 6029888 6558437 1253124 168383 6158013 9680541 1555473 4638057 9268728 3671720 3261891 5707317 4297124 1557483 5094152 9043904 9433186 1865997 9118704 1227384 3777534 7784346 9365620 5833792 2309933 2865627 2511027 3257875 9265966 4228515 2008060 6548909 4217427 9864725 7900323 6092628 3205470 3148493 2986043 6033595 7947413 1083553 9986511 2269934 4814829 8964843 825711 9318069 5790631 3797215 4631390 7948138 570979 5123788 2547595 4500413 7621605 6586718 1733938 3486772 5149483 2072757 4335729 6952082 1205301 8032468 5305105 4763862 5010379 2196934 794498 1139847 4883648 7298272 1511236 3380270 3398547 9063463 190103 504188 5287619 3390025 465196 5341774 1573366 4244981 8370365 8738236 6910926 5609470 9069962 3672197 716930 6004608 9660456 8259507 8197276 7196606 1045082 5742060 6091456 3386520 9087043 4261548 9308632 8804512 5778132 6753332 9014397 1357162 348839 7270991 7813479 877631 662984 7925760 2444620 7936983 6768555 2018116 5971552 2041386 4432783 1976991 4076065 7091281 3784237 3483017 4668484 3579918 7720210 150249 2034374 644209 8850337 7962871 5890796 2896925 6606184 2219072 3337360 5059240 3009193 5163184 7227595 4800784 7090342 7316773 9331467 7256476 3371048 1500255 6652863 6306637 6174231 3609328 9120196 9610864 8215716 4392141 5323881 4006015 5548118 9226044 1490965 3263775 4496071 3131122 1329100 7717164 2949607 3701258 3783205 5180363 6815797 7826732 7628030 720013 4599279 4868259 1539789 776156 4628525 7791116 5639472 1129219 6502623 8813320 8574702 7239215 5275184 7028364 1535261 2007658 4700087 1999438 925411 8750596 2172753 4146391 5463350 9682495 5328157 3789498 4450313 4533121 226910 4753065 2855724 9491618 4593446 8070954 4671478 7714240 8687011 1247665 9219447
방식 | 삽입 평균 | 성공 탐색 평균 | 실패 탐색 평균 | 실패 탐색 최대
선형 탐사 | 2.53750 | 2.53750 | 8.97125 | 62
이중 해싱 | 1.98500 | 1.98500 | 4.79625 | 30

C_200.txt (m=1009, n=200)
삽입 키 및 성공 탐색 순서:
0 1009 2018 3027 4036 5045 6054 7063 8072 9081 10090 11099 12108 13117 14126 15135 16144 17153 18162 19171 20180 21189 22198 23207 24216 25225 26234 27243 28252 29261 30270 31279 32288 33297 34306 35315 36324 37333 38342 39351 40360 41369 42378 43387 44396 45405 46414 47423 48432 49441 50450 51459 52468 53477 54486 55495 56504 57513 58522 59531 60540 61549 62558 63567 64576 65585 66594 67603 68612 69621 70630 71639 72648 73657 74666 75675 76684 77693 78702 79711 80720 81729 82738 83747 84756 85765 86774 87783 88792 89801 90810 91819 92828 93837 94846 95855 96864 97873 98882 99891 100900 101909 102918 103927 104936 105945 106954 107963 108972 109981 110990 111999 113008 114017 115026 116035 117044 118053 119062 120071 121080 122089 123098 124107 125116 126125 127134 128143 129152 130161 131170 132179 133188 134197 135206 136215 137224 138233 139242 140251 141260 142269 143278 144287 145296 146305 147314 148323 149332 150341 151350 152359 153368 154377 155386 156395 157404 158413 159422 160431 161440 162449 163458 164467 165476 166485 167494 168503 169512 170521 171530 172539 173548 174557 175566 176575 177584 178593 179602 180611 181620 182629 183638 184647 185656 186665 187674 188683 189692 190701 191710 192719 193728 194737 195746 196755 197764 198773 199782 200791
실패 탐색 질의 순서:
201800 202809 203818 204827 205836 206845 207854 208863 209872 210881 211890 212899 213908 214917 215926 216935 217944 218953 219962 220971 221980 222989 223998 225007 226016 227025 228034 229043 230052 231061 232070 233079 234088 235097 236106 237115 238124 239133 240142 241151 242160 243169 244178 245187 246196 247205 248214 249223 250232 251241 252250 253259 254268 255277 256286 257295 258304 259313 260322 261331 262340 263349 264358 265367 266376 267385 268394 269403 270412 271421 272430 273439 274448 275457 276466 277475 278484 279493 280502 281511 282520 283529 284538 285547 286556 287565 288574 289583 290592 291601 292610 293619 294628 295637 296646 297655 298664 299673 300682 301691 302700 303709 304718 305727 306736 307745 308754 309763 310772 311781 312790 313799 314808 315817 316826 317835 318844 319853 320862 321871 322880 323889 324898 325907 326916 327925 328934 329943 330952 331961 332970 333979 334988 335997 337006 338015 339024 340033 341042 342051 343060 344069 345078 346087 347096 348105 349114 350123 351132 352141 353150 354159 355168 356177 357186 358195 359204 360213 361222 362231 363240 364249 365258 366267 367276 368285 369294 370303 371312 372321 373330 374339 375348 376357 377366 378375 379384 380393 381402 382411 383420 384429 385438 386447 387456 388465 389474 390483 391492 392501 393510 394519 395528 396537 397546 398555 399564 400573 401582 402591
방식 | 삽입 평균 | 성공 탐색 평균 | 실패 탐색 평균 | 실패 탐색 최대
선형 탐사 | 100.50000 | 100.50000 | 201.00000 | 201
이중 해싱 | 1.99500 | 1.99500 | 2.00000 | 2

C_800.txt (m=1009, n=800)
삽입 키 및 성공 탐색 순서:
0 1009 2018 3027 4036 5045 6054 7063 8072 9081 10090 11099 12108 13117 14126 15135 16144 17153 18162 19171 20180 21189 22198 23207 24216 25225 26234 27243 28252 29261 30270 31279 32288 33297 34306 35315 36324 37333 38342 39351 40360 41369 42378 43387 44396 45405 46414 47423 48432 49441 50450 51459 52468 53477 54486 55495 56504 57513 58522 59531 60540 61549 62558 63567 64576 65585 66594 67603 68612 69621 70630 71639 72648 73657 74666 75675 76684 77693 78702 79711 80720 81729 82738 83747 84756 85765 86774 87783 88792 89801 90810 91819 92828 93837 94846 95855 96864 97873 98882 99891 100900 101909 102918 103927 104936 105945 106954 107963 108972 109981 110990 111999 113008 114017 115026 116035 117044 118053 119062 120071 121080 122089 123098 124107 125116 126125 127134 128143 129152 130161 131170 132179 133188 134197 135206 136215 137224 138233 139242 140251 141260 142269 143278 144287 145296 146305 147314 148323 149332 150341 151350 152359 153368 154377 155386 156395 157404 158413 159422 160431 161440 162449 163458 164467 165476 166485 167494 168503 169512 170521 171530 172539 173548 174557 175566 176575 177584 178593 179602 180611 181620 182629 183638 184647 185656 186665 187674 188683 189692 190701 191710 192719 193728 194737 195746 196755 197764 198773 199782 200791 201800 202809 203818 204827 205836 206845 207854 208863 209872 210881 211890 212899 213908 214917 215926 216935 217944 218953 219962 220971 221980 222989 223998 225007 226016 227025 228034 229043 230052 231061 232070 233079 234088 235097 236106 237115 238124 239133 240142 241151 242160 243169 244178 245187 246196 247205 248214 249223 250232 251241 252250 253259 254268 255277 256286 257295 258304 259313 260322 261331 262340 263349 264358 265367 266376 267385 268394 269403 270412 271421 272430 273439 274448 275457 276466 277475 278484 279493 280502 281511 282520 283529 284538 285547 286556 287565 288574 289583 290592 291601 292610 293619 294628 295637 296646 297655 298664 299673 300682 301691 302700 303709 304718 305727 306736 307745 308754 309763 310772 311781 312790 313799 314808 315817 316826 317835 318844 319853 320862 321871 322880 323889 324898 325907 326916 327925 328934 329943 330952 331961 332970 333979 334988 335997 337006 338015 339024 340033 341042 342051 343060 344069 345078 346087 347096 348105 349114 350123 351132 352141 353150 354159 355168 356177 357186 358195 359204 360213 361222 362231 363240 364249 365258 366267 367276 368285 369294 370303 371312 372321 373330 374339 375348 376357 377366 378375 379384 380393 381402 382411 383420 384429 385438 386447 387456 388465 389474 390483 391492 392501 393510 394519 395528 396537 397546 398555 399564 400573 401582 402591 403600 404609 405618 406627 407636 408645 409654 410663 411672 412681 413690 414699 415708 416717 417726 418735 419744 420753 421762 422771 423780 424789 425798 426807 427816 428825 429834 430843 431852 432861 433870 434879 435888 436897 437906 438915 439924 440933 441942 442951 443960 444969 445978 446987 447996 449005 450014 451023 452032 453041 454050 455059 456068 457077 458086 459095 460104 461113 462122 463131 464140 465149 466158 467167 468176 469185 470194 471203 472212 473221 474230 475239 476248 477257 478266 479275 480284 481293 482302 483311 484320 485329 486338 487347 488356 489365 490374 491383 492392 493401 494410 495419 496428 497437 498446 499455 500464 501473 502482 503491 504500 505509 506518 507527 508536 509545 510554 511563 512572 513581 514590 515599 516608 517617 518626 519635 520644 521653 522662 523671 524680 525689 526698 527707 528716 529725 530734 531743 532752 533761 534770 535779 536788 537797 538806 539815 540824 541833 542842 543851 544860 545869 546878 547887 548896 549905 550914 551923 552932 553941 554950 555959 556968 557977 558986 559995 561004 562013 563022 564031 565040 566049 567058 568067 569076 570085 571094 572103 573112 574121 575130 576139 577148 578157 579166 580175 581184 582193 583202 584211 585220 586229 587238 588247 589256 590265 591274 592283 593292 594301 595310 596319 597328 598337 599346 600355 601364 602373 603382 604391 605400 606409 607418 608427 609436 610445 611454 612463 613472 614481 615490 616499 617508 618517 619526 620535 621544 622553 623562 624571 625580 626589 627598 628607 629616 630625 631634 632643 633652 634661 635670 636679 637688 638697 639706 640715 641724 642733 643742 644751 645760 646769 647778 648787 649796 650805 651814 652823 653832 654841 655850 656859 657868 658877 659886 660895 661904 662913 663922 664931 665940 666949 667958 668967 669976 670985 671994 673003 674012 675021 676030 677039 678048 679057 680066 681075 682084 683093 684102 685111 686120 687129 688138 689147 690156 691165 692174 693183 694192 695201 696210 697219 698228 699237 700246 701255 702264 703273 704282 705291 706300 707309 708318 709327 710336 711345 712354 713363 714372 715381 716390 717399 718408 719417 720426 721435 722444 723453 724462 725471 726480 727489 728498 729507 730516 731525 732534 733543 734552 735561 736570 737579 738588 739597 740606 741615 742624 743633 744642 745651 746660 747669 748678 749687 750696 751705 752714 753723 754732 755741 756750 757759 758768 759777 760786 761795 762804 763813 764822 765831 766840 767849 768858 769867 770876 771885 772894 773903 774912 775921 776930 777939 778948 779957 780966 781975 782984 783993 785002 786011 787020 788029 789038 790047 791056 792065 793074 794083 795092 796101 797110 798119 799128 800137 801146 802155 803164 804173 805182 806191
실패 탐색 질의 순서:
807200 808209 809218 810227 811236 812245 813254 814263 815272 816281 817290 818299 819308 820317 821326 822335 823344 824353 825362 826371 827380 828389 829398 830407 831416 832425 833434 834443 835452 836461 837470 838479 839488 840497 841506 842515 843524 844533 845542 846551 847560 848569 849578 850587 851596 852605 853614 854623 855632 856641 857650 858659 859668 860677 861686 862695 863704 864713 865722 866731 867740 868749 869758 870767 871776 872785 873794 874803 875812 876821 877830 878839 879848 880857 881866 882875 883884 884893 885902 886911 887920 888929 889938 890947 891956 892965 893974 894983 895992 897001 898010 899019 900028 901037 902046 903055 904064 905073 906082 907091 908100 909109 910118 911127 912136 913145 914154 915163 916172 917181 918190 919199 920208 921217 922226 923235 924244 925253 926262 927271 928280 929289 930298 931307 932316 933325 934334 935343 936352 937361 938370 939379 940388 941397 942406 943415 944424 945433 946442 947451 948460 949469 950478 951487 952496 953505 954514 955523 956532 957541 958550 959559 960568 961577 962586 963595 964604 965613 966622 967631 968640 969649 970658 971667 972676 973685 974694 975703 976712 977721 978730 979739 980748 981757 982766 983775 984784 985793 986802 987811 988820 989829 990838 991847 992856 993865 994874 995883 996892 997901 998910 999919 1000928 1001937 1002946 1003955 1004964 1005973 1006982 1007991 1009000 1010009 1011018 1012027 1013036 1014045 1015054 1016063 1017072 1018081 1019090 1020099 1021108 1022117 1023126 1024135 1025144 1026153 1027162 1028171 1029180 1030189 1031198 1032207 1033216 1034225 1035234 1036243 1037252 1038261 1039270 1040279 1041288 1042297 1043306 1044315 1045324 1046333 1047342 1048351 1049360 1050369 1051378 1052387 1053396 1054405 1055414 1056423 1057432 1058441 1059450 1060459 1061468 1062477 1063486 1064495 1065504 1066513 1067522 1068531 1069540 1070549 1071558 1072567 1073576 1074585 1075594 1076603 1077612 1078621 1079630 1080639 1081648 1082657 1083666 1084675 1085684 1086693 1087702 1088711 1089720 1090729 1091738 1092747 1093756 1094765 1095774 1096783 1097792 1098801 1099810 1100819 1101828 1102837 1103846 1104855 1105864 1106873 1107882 1108891 1109900 1110909 1111918 1112927 1113936 1114945 1115954 1116963 1117972 1118981 1119990 1120999 1122008 1123017 1124026 1125035 1126044 1127053 1128062 1129071 1130080 1131089 1132098 1133107 1134116 1135125 1136134 1137143 1138152 1139161 1140170 1141179 1142188 1143197 1144206 1145215 1146224 1147233 1148242 1149251 1150260 1151269 1152278 1153287 1154296 1155305 1156314 1157323 1158332 1159341 1160350 1161359 1162368 1163377 1164386 1165395 1166404 1167413 1168422 1169431 1170440 1171449 1172458 1173467 1174476 1175485 1176494 1177503 1178512 1179521 1180530 1181539 1182548 1183557 1184566 1185575 1186584 1187593 1188602 1189611 1190620 1191629 1192638 1193647 1194656 1195665 1196674 1197683 1198692 1199701 1200710 1201719 1202728 1203737 1204746 1205755 1206764 1207773 1208782 1209791 1210800 1211809 1212818 1213827 1214836 1215845 1216854 1217863 1218872 1219881 1220890 1221899 1222908 1223917 1224926 1225935 1226944 1227953 1228962 1229971 1230980 1231989 1232998 1234007 1235016 1236025 1237034 1238043 1239052 1240061 1241070 1242079 1243088 1244097 1245106 1246115 1247124 1248133 1249142 1250151 1251160 1252169 1253178 1254187 1255196 1256205 1257214 1258223 1259232 1260241 1261250 1262259 1263268 1264277 1265286 1266295 1267304 1268313 1269322 1270331 1271340 1272349 1273358 1274367 1275376 1276385 1277394 1278403 1279412 1280421 1281430 1282439 1283448 1284457 1285466 1286475 1287484 1288493 1289502 1290511 1291520 1292529 1293538 1294547 1295556 1296565 1297574 1298583 1299592 1300601 1301610 1302619 1303628 1304637 1305646 1306655 1307664 1308673 1309682 1310691 1311700 1312709 1313718 1314727 1315736 1316745 1317754 1318763 1319772 1320781 1321790 1322799 1323808 1324817 1325826 1326835 1327844 1328853 1329862 1330871 1331880 1332889 1333898 1334907 1335916 1336925 1337934 1338943 1339952 1340961 1341970 1342979 1343988 1344997 1346006 1347015 1348024 1349033 1350042 1351051 1352060 1353069 1354078 1355087 1356096 1357105 1358114 1359123 1360132 1361141 1362150 1363159 1364168 1365177 1366186 1367195 1368204 1369213 1370222 1371231 1372240 1373249 1374258 1375267 1376276 1377285 1378294 1379303 1380312 1381321 1382330 1383339 1384348 1385357 1386366 1387375 1388384 1389393 1390402 1391411 1392420 1393429 1394438 1395447 1396456 1397465 1398474 1399483 1400492 1401501 1402510 1403519 1404528 1405537 1406546 1407555 1408564 1409573 1410582 1411591 1412600 1413609 1414618 1415627 1416636 1417645 1418654 1419663 1420672 1421681 1422690 1423699 1424708 1425717 1426726 1427735 1428744 1429753 1430762 1431771 1432780 1433789 1434798 1435807 1436816 1437825 1438834 1439843 1440852 1441861 1442870 1443879 1444888 1445897 1446906 1447915 1448924 1449933 1450942 1451951 1452960 1453969 1454978 1455987 1456996 1458005 1459014 1460023 1461032 1462041 1463050 1464059 1465068 1466077 1467086 1468095 1469104 1470113 1471122 1472131 1473140 1474149 1475158 1476167 1477176 1478185 1479194 1480203 1481212 1482221 1483230 1484239 1485248 1486257 1487266 1488275 1489284 1490293 1491302 1492311 1493320 1494329 1495338 1496347 1497356 1498365 1499374 1500383 1501392 1502401 1503410 1504419 1505428 1506437 1507446 1508455 1509464 1510473 1511482 1512491 1513500 1514509 1515518 1516527 1517536 1518545 1519554 1520563 1521572 1522581 1523590 1524599 1525608 1526617 1527626 1528635 1529644 1530653 1531662 1532671 1533680 1534689 1535698 1536707 1537716 1538725 1539734 1540743 1541752 1542761 1543770 1544779 1545788 1546797 1547806 1548815 1549824 1550833 1551842 1552851 1553860 1554869 1555878 1556887 1557896 1558905 1559914 1560923 1561932 1562941 1563950 1564959 1565968 1566977 1567986 1568995 1570004 1571013 1572022 1573031 1574040 1575049 1576058 1577067 1578076 1579085 1580094 1581103 1582112 1583121 1584130 1585139 1586148 1587157 1588166 1589175 1590184 1591193 1592202 1593211 1594220 1595229 1596238 1597247 1598256 1599265 1600274 1601283 1602292 1603301 1604310 1605319 1606328 1607337 1608346 1609355 1610364 1611373 1612382 1613391
방식 | 삽입 평균 | 성공 탐색 평균 | 실패 탐색 평균 | 실패 탐색 최대
선형 탐사 | 400.50000 | 400.50000 | 801.00000 | 801
이중 해싱 | 1.99875 | 1.99875 | 10.08375 | 402
